-5.09648030e-004 
-5.13283078e-004 
-5.02137270e-004 
-4.72037612e-004 
-4.16899074e-004 
-3.29433537e-004 
-2.02183851e-004 
-2.88011125e-005 
1.94548283e-004 
4.67782743e-004 
7.85662553e-004 
1.13685440e-003 
1.50344133e-003 
1.86099105e-003 
2.17925844e-003 
2.42355230e-003 
2.55674388e-003 
2.54183984e-003 
2.34498899e-003 
1.93874497e-003 
1.30536878e-003 
4.39931120e-004 
-6.47034547e-004 
-1.92756816e-003 
-3.35522176e-003 
-4.86507031e-003 
-6.37490508e-003 
-7.78765020e-003 
-8.99496438e-003 
-9.88191012e-003 
-1.03324947e-002 
-1.02358183e-002 
-9.49250852e-003 
-8.02108168e-003 
-5.76385480e-003 
-2.69203632e-003 
1.19034679e-003 
5.84397647e-003 
1.11934450e-002 
1.71282626e-002 
2.35057025e-002 
3.01554136e-002 
3.68856233e-002 
4.34906603e-002 
4.97594428e-002 
5.54845147e-002 
6.04711707e-002 
6.45461978e-002 
6.75657736e-002 
6.94220988e-002 
7.00484097e-002 
6.94220988e-002 
6.75657736e-002 
6.45461978e-002 
6.04711707e-002 
5.54845147e-002 
4.97594428e-002 
4.34906603e-002 
3.68856233e-002 
3.01554136e-002 
2.35057025e-002 
1.71282626e-002 
1.11934450e-002 
5.84397647e-003 
1.19034679e-003 
-2.69203632e-003 
-5.76385480e-003 
-8.02108168e-003 
-9.49250852e-003 
-1.02358183e-002 
-1.03324947e-002 
-9.88191012e-003 
-8.99496438e-003 
-7.78765020e-003 
-6.37490508e-003 
-4.86507031e-003 
-3.35522176e-003 
-1.92756816e-003 
-6.47034547e-004 
4.39931120e-004 
1.30536878e-003 
1.93874497e-003 
2.34498899e-003 
2.54183984e-003 
2.55674388e-003 
2.42355230e-003 
2.17925844e-003 
1.86099105e-003 
1.50344133e-003 
1.13685440e-003 
7.85662553e-004 
4.67782743e-004 
1.94548283e-004 
-2.88011125e-005 
-2.02183851e-004 
-3.29433537e-004 
-4.16899074e-004 
-4.72037612e-004 
-5.02137270e-004 
-5.13283078e-004 
-5.09648030e-004 
